1 0.0148209 0.01515
2 0.0319847 0.033183
3 -0.0399241 -0.054459
4 -0.0965122 -0.0653072
5 -0.0990978 -0.0671171
6 -0.120274 -0.0954627
7 -0.0592476 -0.0223512
8 -0.00410423 0.0137234
9 0.0471203 0.0275233
10 0.016673 -0.00526849
11 -0.00862223 -0.0107962
12 -0.0308815 -0.0365785
13 0.00653687 0.01376
14 0.0598424 0.0361065
15 0.105903 0.0912211
16 0.121262 0.0835482
17 0.113549 0.0798333
18 0.0923673 0.068091
19 0.0640197 0.0482476
20 0.0376427 0.0208139
21 0.100241 0.0751837
22 0.207583 0.201978
23 0.247505 0.186987
24 0.233959 0.177504
25 0.114602 0.0510258
26 -0.0662247 -0.0278106
27 -0.0441936 -0.0054326
28 -0.0235114 0.000232522
29 -0.00999565 0.00969355
30 0.00145767 0.0223534
31 -0.117601 -0.0655688
32 -0.176888 -0.138214
33 -0.188556 -0.122667
34 -0.172676 -0.111551
35 -0.136098 -0.0770308
36 -0.0931823 -0.0616213
37 -0.0505521 -0.0168513
38 -0.0142114 -0.00846483
39 0.00635112 0.00592891
40 0.0212849 0.02325
41 0.0278804 0.0218934
42 0.0277518 0.0229175
43 0.0243036 0.0205552
44 0.0183347 0.0163769
45 0.011847 0.00973807
46 0.00578869 0.00809232
47 0.00126433 0.00316863
48 -0.00187209 0.00278288
49 0.0807676 0.0606307
50 0.122599 0.111794
51 0.132121 0.101727
52 0.119347 0.0926878
53 0.00967632 0.0210285
54 -0.063153 -0.0299521
55 -0.184763 -0.171483
56 -0.237131 -0.159497
57 -0.237112 -0.159484
58 -0.197088 -0.123735
59 -0.0678604 -0.049285
60 0.0291155 0.0586114
61 0.0875672 0.0607372
62 0.112913 0.0784789
63 0.113119 0.0834572
64 0.0954744 0.0710233
65 0.0713717 0.0475079
66 0.0468004 0.0399491
67 0.0233028 0.0235008
68 0.00476978 0.00331474
69 -0.00805849 0.00174817
70 -0.014917 -0.00305278
71 -0.0173308 -0.00643587
72 -0.0164203 -0.00483295
73 -0.0131747 -0.00181621
74 -0.00881894 -6.53707e-05
75 -0.00477888 0.00276267
76 -0.00184666 0.00591055
77 -3.5047e-06 0.00602787
78 0.000394367 0.00630638
79 0.000885447 0.00688376
80 0.000881571 0.00668461
81 0.000880184 0.00668364
82 0.000483753 0.00626789
83 -1.50522e-05 0.00607729
84 2.33423e-05 0.00612051
85 1.1458e-05 0.00609683
86 -3.90443e-05 0.00603964
87 -8.32023e-06 0.00608135
88 -3.97122e-06 0.00608596
89 2.6881e-05 0.00610582
90 -0.0136002 -0.00343313
91 -0.0136002 -0.00343313
92 -0.0136002 -0.00400434
93 -0.0136002 -0.00400434
94 -0.0136002 -0.00400434
95 -0.0136002 -0.00400434
96 -0.0512451 -0.0303558
97 -0.100955 -0.065153
98 -0.11446 -0.0848152
99 -0.0613873 -0.0422626
100 0.126534 0.169765
101 0.434878 0.310437
102 0.724073 0.658963
103 0.997266 0.73452
104 1.16761 0.853758
105 1.04434 0.762024
106 0.896281 0.707693
107 0.637855 0.526794
