1 3 0 1
2 3 0 1
3 -3.4565 0.958037 0
4 -0.929875 0 0.515765
5 0.233126 0 0.748365
6 -1.21743 0 0.191972
7 -0.66043 0 0.57809
8 -2.13094 0.105379 0
9 1.18933 0 0.779253
10 -0.480534 0 0.17558
11 -0.797985 0 0.362569
12 -0.851253 0 0.309875
13 -0.844917 0 0.286286
14 -0.607136 0 0.332892
15 -0.554795 0 0.329019
16 -0.653946 0 0.301338
17 -0.651668 0 0.276069
18 -0.575271 0 0.291007
19 -0.518748 0 0.302311
20 -0.503004 0 0.287701
21 -0.469637 0 0.292013
22 -0.434311 0 0.287005
23 -0.374412 0 0.293686
24 -0.359482 0 0.296672
25 -0.355366 0 0.283898
26 -0.31641 0 0.291072
27 -0.290082 0 0.288683
28 -0.258027 0 0.291145
29 -0.251331 0 0.292484
30 -0.252752 0 0.281877
31 -0.23594 0 0.285452
32 -0.198415 0 0.290649
33 -0.201388 0 0.284426
34 -0.19306 0 0.286092
35 -0.180774 0 0.283161
36 -0.172632 0 0.282946
37 -0.154718 0 0.283027
38 -0.147831 0 0.281718
39 -0.130509 0 0.285182
40 -0.130794 0 0.27985
41 -0.106794 0 0.284693
42 -0.109807 0 0.279246
43 -0.0974971 0 0.28216
44 -0.0823846 0 0.285183
45 -0.0847957 0 0.280947
46 -0.0802444 0 0.282219
47 -0.0663859 0 0.284414
48 -0.0631876 0 0.282975
49 -0.0791007 0 0.279792
50 -0.0756788 0 0.277963
51 -0.0516906 0 0.282247
52 -0.0517981 0 0.280138
53 -0.0376388 0 0.282986
54 -0.0432711 0 0.281859
55 -0.0386485 0 0.281931
56 -0.0263187 0 0.283704
57 -0.0367856 0 0.28161
58 -0.0380315 0 0.279653
59 -0.0358027 0 0.280286
60 -0.0392005 0 0.277528
61 -0.0257692 0 0.280724
62 -0.00889533 0 0.284099
63 -0.0143639 0 0.281611
64 -0.0307422 0 0.279155
65 -0.0221076 0 0.281293
66 -0.0197367 0 0.280472
67 -0.0364992 0 0.27712
68 -0.0316129 0 0.277565
69 -0.0183877 0 0.279477
70 -0.0201814 0 0.279119
71 -0.00864807 0 0.282809
72 -0.00586311 0 0.281636
73 -0.00876298 0 0.280271
74 -0.0237016 0 0.277718
75 -0.0183637 0 0.278786
76 -0.00562999 0 0.283017
77 -0.0150467 0 0.279224
78 -0.0242969 0 0.277374
79 -0.936987 0.0795473 0
80 -1.30654 0.016554 0
81 -0.651544 0 0.114445
82 -0.308347 0 0.22223
83 -0.243685 0 0.183683
84 -0.245235 0 0.173331
85 -0.17845 0 0.18692
86 -0.161048 0 0.186569
87 -0.150925 0 0.185983
88 -0.145879 0 0.181915
89 -0.146129 0 0.181108
90 -1.13451 0.016568 0
91 -7.88682e-05 0 0.210318
92 -0.0357201 0 0.196414
93 -0.035005 0 0.201904
94 -0.22497 0 0.163911
95 -0.345829 0 0.139739
96 1.80579 0 0.570063
97 2.49826 0 0.708556
98 1.97673 0 0.605089
99 1.28635 0 0.545244
100 -1.471 0.478667 0
101 0.0342292 0 0.23598
102 0.614152 0 0.463519
103 0.385512 0 0.330802
104 2.05189 0 0.664078
105 2.9484 0 1
106 2.92314 0 0.956263
107 2.94147 0 0.95993
